-4.994954591322046472e+05 -1.663940347526849106e-01 1.430207763803040821e-01
-4.984863773965840228e+05 6.249116279851037875e-02 -1.596549025451700632e-01
-4.974772956609633984e+05 8.875091213765623488e-02 6.167593013802508128e-01
-4.964682139253427740e+05 -1.414975137044437448e-01 2.356993226888952908e-01
-4.954591321897221496e+05 -1.008999828597415549e-01 -2.162217240996743284e-01
-4.944500504541015252e+05 7.140850512198864131e-01 -1.492588369808861004e-01
-4.934409687184809591e+05 -6.963175745412737705e-02 1.725434932175972172e-02
-4.924318869828603347e+05 -2.896910380505693383e-01 -3.471922210518170460e-02
-4.914228052472397103e+05 2.454204899033042842e-01 -1.972593606195356397e-01
-4.904137235116190859e+05 3.386182832159841116e-02 -8.843707336467546143e-02
-4.894046417759984615e+05 4.144249632379669313e-02 1.026435752290184023e-01
-4.883955600403778371e+05 -1.671719935401949075e-01 4.287225942696507031e-01
-4.873864783047572128e+05 -1.574362667766461277e-01 -4.784224953264341051e-01
-4.863773965691366466e+05 -1.101051676771256788e-01 9.770278802964264819e-02
-4.853683148335160222e+05 1.246998089950006328e-01 -1.844452537274461346e-01
-4.843592330978953978e+05 4.102596751866973146e-01 -1.858356997354796425e-01
-4.833501513622747734e+05 -1.114469610105544572e-01 4.014872022242135796e-01
-4.823410696266541490e+05 3.281992814256018409e-01 2.487938495386871063e-01
-4.813319878910335246e+05 6.130393711114093952e-02 -7.539213416747586605e-02
-4.803229061554129585e+05 6.073340767443675958e-02 4.477250907598718244e-01
-4.793138244197923341e+05 3.750902857988348549e-01 1.418164036285682050e-01
-4.783047426841717097e+05 4.192895307808558458e-01 2.671461051413626109e-01
-4.772956609485510853e+05 -9.219610101333797214e-02 -1.386800680096576810e-02
-4.762865792129304609e+05 -9.422184326298300994e-02 3.571347940151187172e-01
-4.752774974773098365e+05 7.646778857439255617e-02 2.629950555176558957e-01
-4.742684157416892122e+05 9.161292878230131720e-02 -3.591029137479301303e-01
-4.732593340060686460e+05 1.545252238666472711e-01 1.666594253362167211e-01
-4.722502522704480216e+05 2.965671897855925443e-01 -1.572619468526280373e-02
-4.712411705348273972e+05 6.757536830856117338e-02 -1.207477821570061838e-01
-4.702320887992067728e+05 -1.840144381735967505e-01 8.699824464995792317e-01
-4.692230070635861484e+05 -1.500183119627781780e-01 8.007310741479352345e-02
-4.682139253279655240e+05 -4.244101187239016082e-02 4.011199007878458178e-01
-4.672048435923449579e+05 -1.095644299682241030e-01 3.534269753172666340e-01
-4.661957618567243335e+05 1.682874687675997016e-01 -1.696632816027552892e-01
-4.651866801211037091e+05 -4.898468635293394546e-02 -1.962866608418521175e-01
-4.641775983854830847e+05 -2.111355162035768451e-01 -1.332468596571499408e-01
-4.631685166498624603e+05 2.845037284609506223e-01 -6.533846419743044587e-02
-4.621594349142418359e+05 -8.788745564387065445e-03 -2.095583227397461723e-01
-4.611503531786212116e+05 -1.760621395427529323e-01 4.130172650826307024e-01
-4.601412714430006454e+05 3.531215409611756506e-01 1.840038946302408607e-01
-4.591321897073800210e+05 3.484764186069352343e-01 1.389364091078535701e-01
-4.581231079717593966e+05 -6.438652670688516100e-01 4.561330784862581422e-02
-4.571140262361387722e+05 -1.214723261198382420e-01 3.713785816536031570e-01
-4.561049445005181478e+05 2.820810244275604589e-02 1.910672531502512206e-02
-4.550958627648975234e+05 -8.086482144827381036e-02 3.317013518814005968e-01
-4.540867810292769573e+05 2.624442912577173992e-01 2.710957418641806171e-01
-4.530776992936563329e+05 -2.325030735083738476e-01 8.960568154299766719e-02
-4.520686175580357085e+05 9.197191726536772804e-02 2.393687169350019739e-01
-4.510595358224150841e+05 -1.504441907284038635e-02 7.097036832914832560e-02
-4.500504540867944597e+05 -1.003033882564392520e-01 3.599639762054422931e-01
-4.490413723511738353e+05 -2.627642280538883268e-03 7.526565899164550100e-02
-4.480322906155532110e+05 2.430214265375589544e-01 2.871076085155672697e-01
-4.470232088799326448e+05 1.506344711933229816e-02 3.754197922067804005e-01
-4.460141271443120204e+05 1.003280886675874950e-01 5.645388732003799037e-02
-4.450050454086913960e+05 -1.436987191161932242e-01 1.929448904512546248e-01
-4.439959636730707716e+05 1.979093765055361664e-01 2.311765903676437639e-01
-4.429868819374501472e+05 2.055848091112753295e-01 -5.440781334979766237e-02
-4.419778002018295228e+05 -6.625657124488922023e-02 2.743093808417569335e-01
-4.409687184662089567e+05 -1.794630614473870234e-01 1.029825371998672190e-01
-4.399596367305883323e+05 1.907585064300757194e-01 8.585601932116927737e-02
-4.389505549949677079e+05 2.435894416420380237e-01 -1.591603758172934202e-01
-4.379414732593470835e+05 -1.255812389878349089e-01 -1.213706878264155936e-01
-4.369323915237264591e+05 -4.169422915644687144e-01 -9.026906939732828872e-02
-4.359233097881058347e+05 1.196472591088975773e-01 2.985565287501396603e-01
-4.349142280524852104e+05 1.373156389905777763e-01 -6.521427279686208001e-04
-4.339051463168646442e+05 6.962311652978885046e-02 -5.286886397085896472e-03
-4.328960645812440198e+05 -1.007560504890566977e-01 2.493587519659554858e-02
-4.318869828456233954e+05 3.943085514171683348e-02 1.554092367207096093e-01
-4.308779011100027710e+05 2.375184230301841948e-01 1.230442179176669398e-01
-4.298688193743821466e+05 4.576623802196448654e-02 3.020314263626867057e-01
-4.288597376387615222e+05 7.878475141905977308e-02 1.198632135814199223e-01
-4.278506559031409561e+05 3.293510630197593603e-01 2.791673862374581261e-01
-4.268415741675203317e+05 6.584063051270098998e-02 2.572495173878162553e-02
-4.258324924318997073e+05 -3.941800429175496001e-03 2.931264998180097003e-01
-4.248234106962790829e+05 -1.624830062746815407e-01 -1.621604059167019440e-01
-4.238143289606584585e+05 -3.723333558322599462e-02 9.009598014980266245e-02
-4.228052472250378341e+05 -8.169775889955122050e-02 -2.686729651672637581e-02
-4.217961654894172680e+05 2.059307708985591012e-01 4.533286917012390171e-01
-4.207870837537966436e+05 -2.758067501104873309e-01 1.102834662977185132e-01
-4.197780020181760192e+05 2.883416277936576289e-03 -6.661083621593708037e-02
-4.187689202825553948e+05 1.683023672394855230e-02 2.136289773469448594e-01
-4.177598385469347704e+05 3.041242790414012687e-01 1.549518545177012152e-01
-4.167507568113141460e+05 2.366006704226057966e-01 -2.666463319071229465e-01
-4.157416750756935216e+05 -6.591009061182756534e-02 4.635965012149206865e-02
-4.147325933400729555e+05 7.098150605923186918e-02 2.369275191759661614e-01
-4.137235116044523311e+05 -6.351505063157097952e-02 1.245279031847935647e-01
-4.127144298688317067e+05 -1.346928760851205664e-01 5.095973159337608971e-01
-4.117053481332110823e+05 1.995243067710513740e-01 2.443972149197144450e-01
-4.106962663975904579e+05 -2.377605452182418866e-01 1.834008959996738797e-01
-4.096871846619698335e+05 1.180843057641748350e-01 1.700339482051295703e-01
-4.086781029263492674e+05 8.053027040339898190e-02 1.199477352692259191e-01
-4.076690211907286430e+05 1.987955915641603788e-03 2.933345117195435559e-01
-4.066599394551080186e+05 4.497919986106942991e-01 5.291580518622802654e-01
-4.056508577194873942e+05 2.252704126802922979e-01 1.259323640807022970e-01
-4.046417759838667698e+05 -1.554739884390551885e-01 -5.623933523631130527e-01
-4.036326942482461454e+05 -1.386574953269160415e-01 5.170269580731245984e-02
-4.026236125126255210e+05 2.667201151870353670e-01 -2.810331286767484005e-03
-4.016145307770049549e+05 2.253420467900865698e-01 -4.020632929543241363e-01
-4.006054490413843305e+05 -4.181251568216920456e-01 3.835005173219567243e-01
-3.995963673057637061e+05 -8.468122291589880168e-02 1.337414204417731733e-01
-3.985872855701430817e+05 1.445425462491041202e-01 3.334973082600716232e-01
-3.975782038345224573e+05 7.024284999029430099e-02 3.190167801162135941e-01
-3.965691220989018329e+05 -3.282037080796076367e-01 1.365107015441437976e-01
-3.955600403632812668e+05 2.187397236612130536e-01 2.180072001944579063e-01
-3.945509586276606424e+05 5.972022727544545884e-02 6.274847503295315487e-01
-3.935418768920400180e+05 4.769451212962363962e-02 -5.888462908952115521e-03
-3.925327951564193936e+05 1.234224527012681843e-01 4.034347850408557812e-01
-3.915237134207987692e+05 1.175637229905099751e-01 -6.063348058114811229e-03
-3.905146316851781448e+05 -2.992803583308845106e-01 6.419768470507725144e-02
-3.895055499495575204e+05 2.747162014848900102e-02 2.775273198409651809e-01
-3.884964682139369543e+05 1.708146002068281488e-01 -2.231364552176300087e-01
-3.874873864783163299e+05 2.297432619902139428e-01 2.125250705605903345e-01
-3.864783047426957055e+05 -5.868698394255418560e-02 6.067642499101773002e-01
-3.854692230070750811e+05 2.667119925911505818e-01 3.554812510269763082e-01
-3.844601412714544567e+05 -3.529353336264594021e-01 1.169431011860710135e-01
-3.834510595358338323e+05 5.535284798893604780e-02 1.350612633157230735e-01
-3.824419778002132662e+05 -1.144161275291730034e-01 5.366668668560455047e-02
-3.814328960645926418e+05 4.564678339075230185e-02 1.177889671824110807e-01
-3.804238143289720174e+05 5.269853963604731462e-01 3.222609020066176111e-01
-3.794147325933513930e+05 -7.302899405546109390e-01 2.544354083989863735e-01
-3.784056508577307686e+05 1.061681927124891595e-01 3.928993905226594308e-01
-3.773965691221101442e+05 1.280456839879010877e-01 9.235668043553202367e-02
-3.763874873864895198e+05 -8.010476859056353538e-02 3.744255418965228288e-01
-3.753784056508689537e+05 1.498507406119667651e-01 5.500189693665552548e-01
-3.743693239152483293e+05 1.806929688642262277e-01 -3.666475493257135843e-01
-3.733602421796277049e+05 -4.007979999452813691e-01 3.516251687148992389e-01
-3.723511604440070805e+05 1.783316923242706797e-01 1.637628416988982649e-01
-3.713420787083864561e+05 3.351375538911811613e-01 2.591929205672253156e-01
-3.703329969727658317e+05 -8.999133131842976946e-03 2.001275502967423195e-02
-3.693239152371452656e+05 -3.959347932073045140e-01 4.629484055022053957e-01
-3.683148335015246412e+05 -2.415836518424025955e-02 1.413112044670067069e-01
-3.673057517659040168e+05 1.227200203012360491e-01 6.194295633404454104e-01
-3.662966700302833924e+05 2.957858302753068047e-01 -2.041551850558699643e-01
-3.652875882946627680e+05 -3.177932878173896913e-01 1.797184607895426778e-01
-3.642785065590421436e+05 -1.224296719502163955e-01 1.782097895159218959e-01
-3.632694248234215192e+05 1.753183128583425676e-01 1.021807047119376588e-01
-3.622603430878009531e+05 -5.890566747315030549e-02 -4.419815244789596781e-02
-3.612512613521803287e+05 -3.426750996269863903e-01 2.003872380815660548e-01
-3.602421796165597043e+05 -1.993771930419808436e-01 5.296281709331674969e-01
-3.592330978809390799e+05 -1.169868080527334403e-02 1.500117166245118761e-01
-3.582240161453184555e+05 -3.098090156324886379e-01 -2.892344158693433420e-01
-3.572149344096978311e+05 -2.516206789378608311e-02 7.959809544243046098e-02
-3.562058526740772650e+05 8.072624122473337493e-03 -1.951790374969215036e-01
-3.551967709384566406e+05 -2.182875338382026520e-01 6.777389538890686849e-01
-3.541876892028360162e+05 -1.237646113107829515e-01 5.530884486283134394e-02
-3.531786074672153918e+05 2.919332277392385766e-01 6.171069457382515333e-01
-3.521695257315947674e+05 2.713364288735832242e-01 3.794213365463818266e-01
-3.511604439959741430e+05 -1.482405255811158618e-01 1.202619234849973961e-01
-3.501513622603535186e+05 -2.443125435085297947e-01 6.437522975246615653e-01
-3.491422805247329525e+05 1.619854458250296059e-01 5.948746751760797258e-01
-3.481331987891123281e+05 -1.017688783003250219e-01 1.659340333232404985e-01
-3.471241170534917037e+05 5.528304763338275085e-02 2.833305790693128046e-01
-3.461150353178710793e+05 -4.038121916756990393e-01 5.466114477454988574e-01
-3.451059535822504549e+05 -1.912338251527614941e-01 3.356279294204345676e-01
-3.440968718466298305e+05 7.325888287683438027e-02 1.730321988346922857e-01
-3.430877901110092644e+05 2.411326142726869515e-01 1.445886160645249996e-01
-3.420787083753886400e+05 2.183237513844978883e-01 2.608134184149545898e-01
-3.410696266397680156e+05 -1.984224047964862625e-01 4.116921472646160596e-01
-3.400605449041473912e+05 -7.938198867694348793e-02 5.541313809650622035e-01
-3.390514631685267668e+05 -4.306917266600178151e-01 1.091810801485706556e-01
-3.380423814329061424e+05 9.876264383836400040e-02 9.245348100612665876e-02
-3.370332996972855181e+05 -2.934824844452825487e-02 3.582761601601211487e-01
-3.360242179616649519e+05 -8.522063248134398306e-03 1.615613801708240815e-01
-3.350151362260443275e+05 -3.167251424458552012e-01 3.404245328617461763e-01
-3.340060544904237031e+05 3.749930801080036402e-01 1.508155295082663772e-01
-3.329969727548030787e+05 1.069609073902844654e-01 7.578914472994007223e-01
-3.319878910191824543e+05 -2.311517058710684525e-01 3.055712064164003428e-01
-3.309788092835618299e+05 -8.151759184500939615e-02 3.135478515445754288e-01
-3.299697275479412638e+05 -3.832025174073971918e-01 6.760672673348143702e-01
-3.289606458123206394e+05 -2.348360112890740536e-01 2.969576071476289214e-01
-3.279515640767000150e+05 -1.545811387835817896e-01 5.148243268017461682e-01
-3.269424823410793906e+05 -6.417492140957370417e-02 8.761101679188790237e-02
-3.259334006054587662e+05 1.108955355147161759e-01 5.059110455032910236e-01
-3.249243188698381418e+05 2.324582826603263930e-01 4.527352539189675729e-01
-3.239152371342175175e+05 -5.415925910755478578e-02 2.926926623361115753e-01
-3.229061553985969513e+05 -1.689588170637018605e-01 2.189126848505280054e-01
-3.218970736629763269e+05 5.148248659589205189e-02 6.983705302769269707e-01
-3.208879919273557025e+05 -5.523675314495572058e-02 2.800459638992101041e-01
-3.198789101917350781e+05 -9.289451016132981021e-02 2.998258708609875534e-01
-3.188698284561144537e+05 1.295824279655045652e-01 2.409930106389088222e-01
-3.178607467204938293e+05 -2.321038786456244840e-02 4.129619118338510031e-01
-3.168516649848732632e+05 -1.042183576235536369e-01 7.236855770217895945e-01
-3.158425832492526388e+05 -2.787861349551561951e-01 7.231763560912173316e-01
-3.148335015136320144e+05 -1.456587201160216005e-01 6.631437166222360347e-01
-3.138244197780113900e+05 2.432275592990719715e-01 3.611683944276399827e-01
-3.128153380423907656e+05 -2.488709857589174457e-01 1.923481135882987858e-01
-3.118062563067701412e+05 1.582499599202259466e-01 4.792400358820615019e-02
-3.107971745711495169e+05 -2.206788795512140688e-01 2.698991924047436930e-01
-3.097880928355289507e+05 -3.133596238465728434e-01 3.834694648349236124e-01
-3.087790110999083263e+05 -1.151482905420241586e-02 -1.890253454627171814e-01
-3.077699293642877019e+05 -7.959903238444487883e-02 4.877431989346439067e-01
-3.067608476286670775e+05 -6.854590729510651181e-02 1.311703810214442101e-01
-3.057517658930464531e+05 1.986054835698489174e-02 2.421989370959695687e-01
-3.047426841574258287e+05 -1.031896222431934462e-01 4.423366786437241682e-01
-3.037336024218052626e+05 -1.327178840808349858e-01 5.451028111030303824e-01
-3.027245206861846382e+05 -1.490446158478566374e-01 2.277171577990591000e-01
-3.017154389505640138e+05 1.044784805250422166e-01 2.066909725261507347e-01
-3.007063572149433894e+05 2.913892200196488425e-01 3.134475226374918155e-01
-2.996972754793227650e+05 2.902503452576778165e-02 8.418300810592483918e-01
-2.986881937437021406e+05 -1.687300893626418330e-01 3.747006234451281670e-01
-2.976791120080815163e+05 2.566842250323914665e-01 8.333064065447999269e-01
-2.966700302724609501e+05 -1.283535518675145704e-01 6.380496260292889410e-01
-2.956609485368403257e+05 -1.244941008192081422e-01 3.694837998078829844e-01
-2.946518668012197013e+05 3.997108192205664490e-01 4.115033046459642962e-01
-2.936427850655990769e+05 -7.372202669459830549e-02 8.446855531640773407e-01
-2.926337033299784525e+05 -1.866805675920423790e-01 6.051916310698132184e-01
-2.916246215943578281e+05 -6.407605169766084074e-02 6.865679814887841736e-01
-2.906155398587372620e+05 6.611767814244359776e-02 5.214207136449238167e-01
-2.896064581231166376e+05 -1.027982538985804939e-01 7.851593753206230764e-01
-2.885973763874960132e+05 -1.854861108975802975e-01 2.229687747196124892e-01
-2.875882946518753888e+05 -2.934908095920620366e-02 1.941109048233934375e-01
-2.865792129162547644e+05 2.484193537501877269e-01 5.116840190519876819e-01
-2.855701311806341400e+05 -9.194834151022646118e-02 6.298146252717049531e-01
-2.845610494450135157e+05 1.371457333552213442e-01 7.721786395114166313e-02
-2.835519677093929495e+05 4.716918136792805361e-01 8.080577257591178286e-01
-2.825428859737723251e+05 3.462119045015910057e-01 2.520745987698530532e-01
-2.815338042381517007e+05 2.253894167498771139e-01 3.727636796309733436e-01
-2.805247225025310763e+05 3.327038984894979678e-02 7.443272759381700521e-01
-2.795156407669104519e+05 -2.477630716250043275e-01 4.196231123726121837e-01
-2.785065590312898275e+05 1.155332733659685807e-01 7.767584395362230332e-01
-2.774974772956692614e+05 -2.944611260034465383e-01 5.196762423891976290e-01
-2.764883955600486370e+05 -5.216603477258054122e-02 -4.429686865935339446e-04
-2.754793138244280126e+05 -2.477381324993263578e-02 3.813805936960177334e-01
-2.744702320888073882e+05 1.130284200004621903e-01 4.002335099633190785e-01
-2.734611503531867638e+05 2.847311387083266698e-01 5.340311356700799816e-01
-2.724520686175661394e+05 -1.278975228232355765e-01 4.382600615065938010e-01
-2.714429868819455151e+05 1.786624381320982557e-01 8.650757359166579841e-01
-2.704339051463249489e+05 3.019504022226169870e-01 8.724383764891153747e-01
-2.694248234107043245e+05 -4.777314561894435707e-02 5.703658661785458994e-01
-2.684157416750837001e+05 -2.369465347913608244e-01 8.041746500285505972e-01
-2.674066599394630757e+05 -2.468298230771261426e-01 3.400632100714374162e-01
-2.663975782038424513e+05 3.386808723935083587e-01 4.431846565842608165e-01
-2.653884964682218269e+05 1.952886546952616320e-01 5.470065453902790420e-01
-2.643794147326012608e+05 4.249264049912461760e-01 6.909011367813453486e-01
-2.633703329969806364e+05 1.701118707961913890e-01 7.684210001536616597e-01
-2.623612512613600120e+05 -3.820301287537879453e-01 9.763120358498955653e-01
-2.613521695257393876e+05 -4.879142851786019697e-02 5.040928265079374082e-01
-2.603430877901187632e+05 2.464366849621949795e-01 9.814017857677950207e-01
-2.593340060544981679e+05 7.559665321214581457e-02 4.201628379510612965e-01
-2.583249243188775436e+05 -1.607346333287570928e-01 2.904219631895457177e-01
-2.573158425832569192e+05 -7.361204534009996303e-02 1.284925512180247864e+00
-2.563067608476363239e+05 -4.555491941808120782e-02 5.617120844340003361e-01
-2.552976791120156995e+05 7.923641831414995895e-02 5.691677100569058068e-01
-2.542885973763950751e+05 -1.823302274115594368e-01 1.404538444948053855e-01
-2.532795156407744798e+05 2.003159965214937333e-02 4.411607595765731360e-01
-2.522704339051538554e+05 -3.851558086376124512e-01 5.369985291476422340e-01
-2.512613521695332311e+05 -2.997815493643605222e-01 5.010482815070512741e-01
-2.502522704339126067e+05 1.234225696442529940e-02 6.159417060562987212e-01
-2.492431886982920114e+05 2.419504184342784747e-01 4.861683293172021081e-01
-2.482341069626713870e+05 -1.201162975105596609e-01 3.925645497920361437e-01
-2.472250252270507626e+05 4.425101390513183630e-01 4.939962171509856281e-01
-2.462159434914301673e+05 -2.798757715114444378e-02 4.343344662091255248e-01
-2.452068617558095430e+05 2.095096031582752705e-01 7.097687185408536603e-01
-2.441977800201889186e+05 -9.651500052846478939e-02 7.484684814983876278e-01
-2.431886982845683233e+05 4.017086500177777242e-01 7.446755995832209374e-01
-2.421796165489476989e+05 1.844728441730918433e-01 3.000558137590388919e-01
-2.411705348133270745e+05 4.205744152795952706e-01 4.528081739220448099e-01
-2.401614530777064792e+05 1.672911068866327344e-01 4.676341946533332239e-01
-2.391523713420858548e+05 -3.192414503714844365e-01 6.008356054078168862e-01
-2.381432896064652305e+05 -5.178493566643369017e-02 9.783371487846803660e-02
-2.371342078708446061e+05 -2.160154254959062436e-01 1.038948187800883716e+00
-2.361251261352240108e+05 -7.163076783193234043e-02 9.831786780183220387e-01
-2.351160443996033864e+05 1.345401403005927199e-01 3.880039400439567743e-01
-2.341069626639827620e+05 -1.383857640257929456e-02 5.859486739784062204e-01
-2.330978809283621667e+05 -5.099060500069643731e-02 4.936621126254283065e-01
-2.320887991927415424e+05 -1.220814098950471771e-01 5.560515500272891209e-01
-2.310797174571209180e+05 -8.082171996522294344e-02 6.012176629301150266e-01
-2.300706357215003227e+05 -1.960756213858359520e-01 6.289835209984381281e-01
-2.290615539858796983e+05 -1.434819155016404391e-01 8.745052839892438756e-01
-2.280524722502590739e+05 -4.276205572520718201e-01 3.771056547666848946e-01
-2.270433905146384786e+05 5.063086862779240249e-01 8.471271357846107408e-01
-2.260343087790178542e+05 -2.026897994405644221e-01 8.353518857161841282e-01
-2.250252270433972299e+05 1.128230536376295806e-01 4.234244401208554498e-01
-2.240161453077766055e+05 -6.055768773461965848e-01 8.546900705404989473e-01
-2.230070635721560102e+05 9.801522121031025492e-02 8.179793952740844754e-01
-2.219979818365353858e+05 1.581287789087357232e-01 5.959802046417654875e-01
-2.209889001009147614e+05 -1.949751418405402947e-01 9.060777717370239737e-01
-2.199798183652941661e+05 5.895780600008670991e-03 9.455593701310146537e-01
-2.189707366296735418e+05 -2.241873723285749409e-01 6.053066750651326933e-01
-2.179616548940529174e+05 3.473677867075485870e-01 9.682688619884076697e-01
-2.169525731584323221e+05 -5.651619230303072117e-01 7.712632426448610135e-01
-2.159434914228116977e+05 -2.228047212805286392e-01 1.041818325156297576e+00
-2.149344096871910733e+05 -1.831694267610802229e-01 8.206588409719355326e-01
-2.139253279515704780e+05 7.198778820930951117e-03 7.327097481552280467e-01
-2.129162462159498536e+05 -9.766972568736934091e-02 8.851551927449731183e-01
-2.119071644803292293e+05 8.803115068410902189e-02 5.377160558715579075e-01
-2.108980827447086340e+05 2.449285694242501199e-01 1.270688438568569278e+00
-2.098890010090880096e+05 1.289227537267489399e-01 7.654459670301300145e-01
-2.088799192734673852e+05 -9.371053162954501303e-02 7.550886452404339533e-01
-2.078708375378467608e+05 4.724820637249645128e-02 2.105273091441737521e-01
-2.068617558022261655e+05 -2.505833862020462877e-01 9.036396932972429186e-01
-2.058526740666055412e+05 4.120411612328029327e-01 6.996461131733100469e-01
-2.048435923309849168e+05 -1.701053986377241700e-01 5.634410037983854647e-01
-2.038345105953643215e+05 -2.429953526217256965e-01 5.862954173774636013e-01
-2.028254288597436971e+05 2.976922209026283683e-01 5.997008449404928054e-01
-2.018163471241230727e+05 1.918602249969037499e-01 1.194618501915546416e+00
-2.008072653885024774e+05 -1.869845300657757559e-01 8.240093479971279944e-01
-1.997981836528818530e+05 8.644880521536413287e-02 1.197891734978502765e+00
-1.987891019172612287e+05 -3.004439000157577144e-02 8.313219700454639316e-01
-1.977800201816406334e+05 -3.932310378792197580e-02 8.169592421603997234e-01
-1.967709384460200090e+05 2.202145335098203427e-01 9.621150449773901991e-01
-1.957618567103993846e+05 3.112914082088377721e-01 9.310127792244112799e-01
-1.947527749747787602e+05 3.011706035858860431e-01 6.514169210929415810e-01
-1.937436932391581649e+05 -6.233180510723035361e-02 4.659136550124307607e-01
-1.927346115035375406e+05 -1.914734850873525684e-01 9.873788400574494695e-01
-1.917255297679169162e+05 6.845901483271563670e-01 1.054096652833768966e+00
-1.907164480322963209e+05 -2.845967385085556023e-01 9.701583891349396804e-01
-1.897073662966756965e+05 -3.965874104798261524e-01 5.985970965263269772e-01
-1.886982845610550721e+05 2.074430637425350721e-03 7.932233238501800177e-01
-1.876892028254344768e+05 -1.726949756028711702e-02 7.936650427003066888e-01
-1.866801210898138524e+05 1.148103390924724854e-01 6.408834384211983259e-01
-1.856710393541932281e+05 -1.621400569001948400e-01 9.776278705340089026e-01
-1.846619576185726328e+05 1.893617277427576129e-01 3.444597352053372363e-01
-1.836528758829520084e+05 4.113773336337119835e-01 8.795293897151196250e-01
-1.826437941473313840e+05 2.055336078032036218e-01 6.409717153005829449e-01
-1.816347124117107596e+05 -2.447361231695092121e-01 9.582041743606404260e-01
-1.806256306760901643e+05 -1.768674131049436105e-01 4.055126868793407224e-01
-1.796165489404695400e+05 -2.481853024956270914e-01 8.233310239035329658e-01
-1.786074672048489156e+05 3.185913194300357132e-01 1.200396532246081227e+00
-1.775983854692283203e+05 -2.980850205257482011e-01 1.209331568614594232e+00
-1.765893037336076959e+05 2.859976498715286475e-01 9.700535885320086260e-01
-1.755802219979870715e+05 5.476303782764674333e-02 1.142290086049219333e+00
-1.745711402623664762e+05 2.043993822821214557e-01 1.255349762366028799e+00
-1.735620585267458519e+05 2.830574885644768224e-01 9.161847750911185084e-01
-1.725529767911252275e+05 5.440974704436917220e-01 6.450428176476520337e-01
-1.715438950555046322e+05 1.103978929150259414e-01 1.188082960082183392e+00
-1.705348133198840078e+05 -8.906021204226521881e-02 1.356005256130395686e+00
-1.695257315842633834e+05 4.397017921873814239e-01 9.822685076675992111e-01
-1.685166498486427590e+05 -1.944250847745405686e-01 7.213407782661227508e-01
-1.675075681130221637e+05 -4.718337150954754478e-01 1.111516458081665437e+00
-1.664984863774015394e+05 -4.556886055449754780e-02 8.762186413649178940e-01
-1.654894046417809150e+05 1.993926484605034188e-01 1.379833956450124743e+00
-1.644803229061603197e+05 3.806164009313094398e-01 1.349257285597505795e+00
-1.634712411705396953e+05 -1.462731992622813559e-02 1.412173958116497596e+00
-1.624621594349190709e+05 -6.668330131161464003e-01 7.526888233546753515e-01
-1.614530776992984756e+05 9.466271891639971292e-02 7.613357734054335690e-01
-1.604439959636778513e+05 3.734231625885181538e-02 1.006214245084362746e+00
-1.594349142280572269e+05 -2.497198320763267254e-01 6.548181167087909760e-01
-1.584258324924366316e+05 -2.038938460649466766e-01 1.132452039589211479e+00
-1.574167507568160072e+05 4.696512780376173590e-01 1.057866603745994061e+00
-1.564076690211953828e+05 -3.068866955749403602e-01 6.404142867787662174e-01
-1.553985872855747584e+05 -5.374120921934713024e-01 1.347950809181890808e+00
-1.543895055499541631e+05 -9.668003058391072546e-02 7.401121910646086821e-01
-1.533804238143335388e+05 -7.052051662260999665e-01 1.070997569602497368e+00
-1.523713420787129144e+05 2.103332882616515964e-01 1.019268437339170053e+00
-1.513622603430923191e+05 -4.384525073804206308e-01 5.891213811244117027e-01
-1.503531786074716947e+05 1.267904077425155984e-01 1.095456428584944630e+00
-1.493440968718510703e+05 1.264596011896492178e-01 1.306757094933326480e+00
-1.483350151362304750e+05 3.951056003499894276e-01 8.490167078957369107e-01
-1.473259334006098507e+05 -7.785535512345661546e-01 8.440383713401921062e-01
-1.463168516649892263e+05 -6.612439648540464621e-01 1.433688658843686570e+00
-1.453077699293686310e+05 -6.177373631194744696e-01 1.290808907224202162e+00
-1.442986881937480066e+05 3.739540344051577314e-01 1.677423078838454762e+00
-1.432896064581273822e+05 2.161035074186710148e-01 1.336465689984618344e+00
-1.422805247225067578e+05 2.855746711594719933e-02 1.815348347379006633e+00
-1.412714429868861625e+05 -6.974294213781100371e-01 8.770774715924914977e-01
-1.402623612512655382e+05 3.669217049111724860e-01 1.820903173398185304e+00
-1.392532795156449138e+05 5.080646631025220739e-02 1.227387271504467581e+00
-1.382441977800243185e+05 -1.930797751861842992e-01 1.872000825682065273e+00
-1.372351160444036941e+05 -2.908438870629800332e-01 1.819161953927577402e+00
-1.362260343087830697e+05 -2.978091962891356581e-01 6.262011112817323921e-01
-1.352169525731624744e+05 1.840245519022316589e-01 1.470526149727360066e+00
-1.342078708375418501e+05 4.237265773903707844e-01 1.892289241608848593e+00
-1.331987891019212257e+05 2.554318411381891751e-01 1.384600302203121913e+00
-1.321897073663006304e+05 1.147949616224536173e-01 1.375508660293870644e+00
-1.311806256306800060e+05 -7.425641296940177494e-02 1.316860571507442401e+00
-1.301715438950593816e+05 -1.291216753767255310e-01 1.019293907434022373e+00
-1.291624621594387718e+05 -7.484385620277428375e-02 1.486315547447074392e+00
-1.281533804238181619e+05 4.605771561114189172e-01 1.408085781430356231e+00
-1.271442986881975376e+05 4.090134214452471606e-01 1.582047590321451036e+00
-1.261352169525769277e+05 1.096268985304206245e-01 1.276739984415360185e+00
-1.251261352169563033e+05 -1.303420961278318191e-01 1.487445230512068450e+00
-1.241170534813356935e+05 2.489435289136906482e-01 1.502367798714741021e+00
-1.231079717457150837e+05 5.359489798656931203e-01 1.606263713293053286e+00
-1.220988900100944593e+05 1.129647770684331642e-01 7.762854061990750454e-01
-1.210898082744738495e+05 -3.336793701935516498e-01 1.136852859321832998e+00
-1.200807265388532396e+05 -2.419555071462005102e-01 1.481666046878632237e+00
-1.190716448032326152e+05 1.519857205108891829e-01 2.024651575097978551e+00
-1.180625630676120054e+05 -6.105884496936049288e-01 8.118179397577045542e-01
-1.170534813319913810e+05 -1.332579907122999896e-01 1.491608589315481570e+00
-1.160443995963707712e+05 2.346174488265466707e-01 1.718155444730736336e+00
-1.150353178607501613e+05 1.022140335898309715e-01 8.505454437805695100e-01
-1.140262361251295370e+05 -2.200339251574840449e-01 1.532059579576871222e+00
-1.130171543895089271e+05 -1.546578696051036372e-01 1.978872407427171742e+00
-1.120080726538883027e+05 -1.957554395514890522e-01 1.910544975331574635e+00
-1.109989909182676929e+05 5.894534682043011120e-01 1.449618071686272769e+00
-1.099899091826470831e+05 -5.725674547741526066e-01 1.390574669240608685e+00
-1.089808274470264587e+05 -1.265025646220971356e-01 9.117438267175796973e-01
-1.079717457114058489e+05 -2.140954896592117684e-01 1.478716659216809726e+00
-1.069626639757852390e+05 -1.719908221810800830e-01 1.910903390823166292e+00
-1.059535822401646146e+05 -7.324818610478334158e-02 1.563513193095598108e+00
-1.049445005045440048e+05 6.945203817818170755e-01 2.018104415341662072e+00
-1.039354187689233804e+05 -3.130280767270141595e-01 1.463250699567486990e+00
-1.029263370333027706e+05 -1.191470242809382629e-01 1.795491861761166819e+00
-1.019172552976821607e+05 2.220479761892947268e-01 1.840167674686494115e+00
-1.009081735620615364e+05 2.862514034924235062e-01 1.143903193523709172e+00
-9.989909182644092652e+04 -7.817449273944954147e-02 1.461505980061635013e+00
-9.889001009082031669e+04 2.197045297229162086e-01 1.977701897233795858e+00
-9.788092835519969231e+04 4.955894569160060881e-01 1.516194167525194869e+00
-9.687184661957908247e+04 -5.951002030662225772e-01 1.724331876217347626e+00
-9.586276488395845809e+04 4.416405895474263543e-01 1.742019493358742954e+00
-9.485368314833784825e+04 -7.164869487105501866e-02 1.765658413461449916e+00
-9.384460141271723842e+04 -3.480017773528439884e-01 1.718868019912235479e+00
-9.283551967709661403e+04 2.687553641435444507e-01 2.539982973890203777e+00
-9.182643794147600420e+04 5.561487160893341386e-01 2.093276444308232342e+00
-9.081735620585537981e+04 -9.087947954689612473e-02 2.780808729647699984e+00
-8.980827447023476998e+04 -2.211017293316617227e-01 1.851226022600612531e+00
-8.879919273461416014e+04 2.271642344288308246e-01 2.098954919862218826e+00
-8.779011099899353576e+04 -4.776227593926052339e-02 2.240875704944817581e+00
-8.678102926337292593e+04 -1.114929442078350097e-01 2.138172425049969405e+00
-8.577194752775231609e+04 4.105900173396994646e-01 2.469017018317513745e+00
-8.476286579213169171e+04 6.334391278459261532e-02 2.544818375827797574e+00
-8.375378405651108187e+04 -8.109576724928180269e-03 2.117631503569353590e+00
-8.274470232089045749e+04 -9.676248160665001929e-02 1.930907750562636860e+00
-8.173562058526984765e+04 -8.845234233427645698e-03 2.551630242913424773e+00
-8.072653884964923782e+04 -4.955854917315527519e-01 2.106983590100294901e+00
-7.971745711402861343e+04 -1.090149594624812979e-01 1.781477845259895387e+00
-7.870837537840800360e+04 6.709665961694077918e-02 2.043865656539306741e+00
-7.769929364278737921e+04 6.037294704634502129e-02 2.026416910283959538e+00
-7.669021190716676938e+04 -1.023857673731482398e+00 2.027758867256381770e+00
-7.568113017154615954e+04 2.370965424152996492e-01 2.028699660349631895e+00
-7.467204843592553516e+04 -3.483895507870559682e-01 1.854356465479195748e+00
-7.366296670030492533e+04 -1.513424571791617268e-01 2.192498583953567337e+00
-7.265388496468431549e+04 -4.169645353921747066e-02 3.010529383340031728e+00
-7.164480322906369111e+04 -3.951993469190435704e-01 2.586645471156665987e+00
-7.063572149344308127e+04 -2.447396565578853211e-01 2.515720575241709334e+00
-6.962663975782245689e+04 -3.552833945585620601e-01 2.428186049854238693e+00
-6.861755802220184705e+04 -3.816924618872832298e-01 2.173872348847230462e+00
-6.760847628658123722e+04 2.151175280657794953e-01 1.929408574136786125e+00
-6.659939455096061283e+04 8.615368746013596368e-02 3.256041254615706038e+00
-6.559031281534000300e+04 -8.473201726118184673e-02 2.422669973492419082e+00
-6.458123107971938589e+04 4.914996896346923716e-02 2.547743418228664236e+00
-6.357214934409876878e+04 8.794502043811627812e-02 2.852632565548240517e+00
-6.256306760847815167e+04 -2.587318421124843448e-01 2.168854298034383010e+00
-6.155398587285754184e+04 -5.364537191249687531e-01 3.126556956483466543e+00
-6.054490413723692473e+04 -4.880493012240132433e-01 3.418808136923661145e+00
-5.953582240161630762e+04 -2.716369752184294439e-01 2.751451198007244248e+00
-5.852674066599569051e+04 -2.423225762683631768e-01 3.288947552940673980e+00
-5.751765893037508067e+04 -3.072845711286711357e-01 3.178887934035441454e+00
-5.650857719475446356e+04 -1.297086814631760454e-01 3.340365049584999468e+00
-5.549949545913384645e+04 -3.731325086979452310e-01 3.376053197965458885e+00
-5.449041372351322934e+04 -9.350920501137449659e-02 3.350322800374121890e+00
-5.348133198789261951e+04 6.395260547111569771e-02 3.298844478419713511e+00
-5.247225025227200240e+04 4.488534638257370979e-01 3.666813461424907050e+00
-5.146316851665138529e+04 1.039941543558433601e-01 3.995576170425657381e+00
-5.045408678103076818e+04 1.233432029552373466e-01 3.694833142786301483e+00
-4.944500504541015835e+04 -1.754048149034500570e-01 3.945451346996170727e+00
-4.843592330978954124e+04 3.709566402559971721e-02 4.079373316705494190e+00
-4.742684157416892413e+04 4.534912210480606110e-01 3.530828395973086842e+00
-4.641775983854830702e+04 -2.513774674573610035e-02 4.056973478453327786e+00
-4.540867810292768991e+04 -1.883176860185554746e-01 3.781949871738701230e+00
-4.439959636730708007e+04 2.524879115881989433e-01 3.207387991490924684e+00
-4.339051463168646296e+04 -4.225618674068616354e-01 3.989797110320962403e+00
-4.238143289606584585e+04 -1.782241074733823538e-01 4.434915465354388076e+00
-4.137235116044522874e+04 -3.601408467288802484e-02 4.345634586961041990e+00
-4.036326942482461891e+04 1.705899064001075160e-01 4.747295276715664869e+00
-3.935418768920400180e+04 2.993777673181300392e-01 5.095333518286652819e+00
-3.834510595358338469e+04 2.766704410619962307e-01 4.627314831105075577e+00
-3.733602421796276758e+04 -6.421664000389208926e-01 4.937649832583964837e+00
-3.632694248234215775e+04 3.202849056681316142e-01 5.378295148547624471e+00
-3.531786074672154064e+04 -1.799737257775415600e-01 5.324968031752963071e+00
-3.430877901110092353e+04 3.741141908123166715e-01 5.126660700230375234e+00
-3.329969727548030642e+04 4.894933857761807339e-01 5.322985981611477513e+00
-3.229061553985969294e+04 -1.518430733803287636e-01 6.029139697846700230e+00
-3.128153380423907583e+04 -5.642573038656722995e-02 5.307910802052531629e+00
-3.027245206861846236e+04 -4.989808945259175399e-01 6.213915630635663767e+00
-2.926337033299784525e+04 -4.677863028834172709e-02 6.727622102671539039e+00
-2.825428859737723178e+04 -3.869186108933408974e-02 6.062444764289930177e+00
-2.724520686175661467e+04 -2.238033426246213153e-01 6.076891357057304432e+00
-2.623612512613600120e+04 -4.825847664077609345e-01 7.041411864580675584e+00
-2.522704339051538409e+04 4.620010437282244808e-01 6.847232455636319770e+00
-2.421796165489477062e+04 -5.586481651669341630e-01 7.481384455933799416e+00
-2.320887991927415351e+04 -6.453346644781118302e-01 7.874195468897667638e+00
-2.219979818365354004e+04 -1.554734430195116590e-01 8.245810036531361575e+00
-2.119071644803292293e+04 1.023028534446930315e-01 8.811917557112245447e+00
-2.018163471241230945e+04 -9.896700544128433918e-02 9.163284218555805438e+00
-1.917255297679169234e+04 -1.142884358439060222e-01 9.136958087479994717e+00
-1.816347124117107887e+04 1.655311886056312076e-01 1.073876665025724542e+01
-1.715438950555046176e+04 -3.519122432054411220e-01 1.162630628742290106e+01
-1.614530776992984647e+04 2.761702629530127240e-02 1.253093687596569339e+01
-1.513622603430923118e+04 3.737250386194101992e-02 1.317376981565989524e+01
-1.412714429868861589e+04 -1.871838547840427580e-01 1.459964749226713465e+01
-1.311806256306800060e+04 -3.734219664108868741e-01 1.602119397878039564e+01
-1.210898082744738531e+04 3.912444869333402409e-01 1.719557763780056092e+01
-1.109989909182677002e+04 2.046609407471153830e-01 1.979212227565540871e+01
-1.009081735620615473e+04 2.048218581231919799e-01 2.437272170273330119e+01
-9.081735620585539436e+03 2.743751305999123424e+00 2.734561143971180286e+01
-8.072653884964923236e+03 3.189050283544664577e+00 3.097091833575149522e+01
-7.063572149344307945e+03 9.455710218336426109e+00 4.466762387724848082e+01
-6.054490413723692654e+03 3.080391164000032234e+01 4.581655990167878656e+01
-5.045408678103077364e+03 4.097160318400630530e+01 3.399834940751668455e+01
-4.036326942482461618e+03 4.577092927601239580e+01 2.494078367147054465e+01
-3.027245206861846327e+03 4.834369935585272060e+01 1.641310410665036557e+01
-2.018163471241230809e+03 4.931990572565640463e+01 9.287733902326017699e+00
-1.009081735620615405e+03 4.958063184732410633e+01 2.671177844932474787e+00
0.000000000000000000e+00 4.781081648126979644e+01 -5.169482475349383321e+00
1.009081735620615405e+03 4.624794645644848856e+01 -9.409087601332204898e+00
2.018163471241230809e+03 4.488760623998766164e+01 -1.592282278431798304e+01
3.027245206861846327e+03 4.218351599502244653e+01 -2.268542514230152207e+01
4.036326942482461618e+03 3.780553873000696541e+01 -2.895595185342088840e+01
5.045408678103077364e+03 3.216407755480486941e+01 -3.543853104559156009e+01
6.054490413723692654e+03 2.326094461497778454e+01 -4.134655189489755855e+01
7.063572149344307945e+03 2.509079956407039624e+00 -4.061709788689723410e+01
8.072653884964923236e+03 5.577018009231302642e-01 -2.813169843566046069e+01
9.081735620585539436e+03 8.672193376514609753e-01 -2.289685869446553568e+01
1.009081735620615473e+04 9.994940932170433001e-01 -2.010302405406442006e+01
1.109989909182677002e+04 1.009244720588123201e+00 -1.723126132208169992e+01
1.210898082744738531e+04 4.538939785999067666e-01 -1.611110058754378827e+01
1.311806256306800060e+04 2.341588794444442456e-01 -1.473971454898985556e+01
1.412714429868861589e+04 -1.005118382949534706e-01 -1.327941395797313362e+01
1.513622603430923118e+04 1.247583785687318425e-01 -1.220278446487946766e+01
1.614530776992984647e+04 3.601706313088852696e-01 -1.133619362976807743e+01
1.715438950555046176e+04 9.997129135601934280e-02 -1.104586993685561147e+01
1.816347124117107887e+04 1.116481489847078734e-01 -1.071121086315829984e+01
1.917255297679169234e+04 -3.503440093195626659e-01 -1.017159842880673004e+01
2.018163471241230945e+04 1.269470227842623977e-01 -9.100328145734792429e+00
2.119071644803292293e+04 -5.038894742278479111e-01 -9.166306831878971551e+00
2.219979818365354004e+04 1.779528301351528952e-01 -8.250430330145738012e+00
2.320887991927415351e+04 5.600027212264676590e-01 -7.677623988715113867e+00
2.421796165489477062e+04 2.124764102382266096e-01 -7.820528388536113873e+00
2.522704339051538409e+04 -1.673981457949538232e-01 -7.367399282341507316e+00
2.623612512613600120e+04 -1.025274726438381023e-01 -7.152505210213993436e+00
2.724520686175661467e+04 -2.146156877615039704e-01 -6.661117914573015497e+00
2.825428859737723178e+04 3.253000195322601762e-01 -6.771279269766884212e+00
2.926337033299784525e+04 1.994714578548024697e-01 -5.942154224174515775e+00
3.027245206861846236e+04 8.124465848086513953e-01 -6.201382878279504851e+00
3.128153380423907583e+04 -1.894580677770987265e-01 -5.866587017939514759e+00
3.229061553985969294e+04 -3.111904497460237229e-01 -5.157510648223792238e+00
3.329969727548030642e+04 6.804623748800198157e-02 -5.526673745506078816e+00
3.430877901110092353e+04 1.171018041109994634e-01 -5.456889537510294375e+00
3.531786074672154064e+04 -5.875807302657376496e-02 -5.294350824657471755e+00
3.632694248234215775e+04 -2.841516417637102165e-02 -4.785781854364079990e+00
3.733602421796276758e+04 3.367251462610489909e-01 -4.434405996491228130e+00
3.834510595358338469e+04 5.039093262661227257e-01 -4.998128726843233949e+00
3.935418768920400180e+04 1.181554266286084509e-01 -4.735290446765738182e+00
4.036326942482461891e+04 3.200621024188967656e-01 -4.112517421549354069e+00
4.137235116044522874e+04 -1.441378424773462896e-01 -3.599294615503386030e+00
4.238143289606584585e+04 -1.155563448099377055e-01 -4.297591626928894293e+00
4.339051463168646296e+04 3.191172840047638015e-01 -4.534157461353974128e+00
4.439959636730708007e+04 -1.507854355372534316e-01 -4.517636444690369402e+00
4.540867810292768991e+04 3.806313456040211207e-03 -4.064759688053702469e+00
4.641775983854830702e+04 2.431000030545489299e-01 -3.548017866446748325e+00
4.742684157416892413e+04 -2.823918173498563000e-02 -3.912916832915337650e+00
4.843592330978954124e+04 -3.798889009401551498e-02 -3.892722876847463986e+00
4.944500504541015835e+04 3.479198686862193801e-01 -3.426097146666992721e+00
5.045408678103076818e+04 4.183603265398476712e-01 -3.479987908966743149e+00
5.146316851665138529e+04 2.520302534097298430e-01 -3.176078146284052828e+00
5.247225025227200240e+04 4.901802216739150619e-01 -3.411084981665378102e+00
5.348133198789261951e+04 -1.686645982124868048e-01 -3.403709672406997733e+00
5.449041372351322934e+04 -2.793839399752979791e-01 -3.259255527846415479e+00
5.549949545913384645e+04 -1.742917803570495638e-01 -3.053588377018286337e+00
5.650857719475446356e+04 2.331863258298556563e-01 -3.391447483161038168e+00
5.751765893037508067e+04 1.321890804030863009e-01 -3.859350743026353392e+00
5.852674066599569051e+04 9.034826319993005672e-02 -2.774311884839972375e+00
5.953582240161630762e+04 -4.592820368125756225e-01 -3.086977693618158991e+00
6.054490413723692473e+04 3.687777925101507481e-01 -2.947489959468327925e+00
6.155398587285754184e+04 -5.210267091266884698e-02 -2.745332660848228024e+00
6.256306760847815167e+04 -6.336205662049698706e-02 -2.384243237805578897e+00
6.357214934409876878e+04 6.731838403710368457e-01 -2.816570285748165148e+00
6.458123107971938589e+04 -2.343137681194761290e-01 -2.317367669144622333e+00
6.559031281534000300e+04 -1.412221474391555098e-01 -2.629458161157623763e+00
6.659939455096061283e+04 1.635583028476299550e-01 -2.438480911939203466e+00
6.760847628658123722e+04 -1.736024580475127865e-01 -3.000758374276672136e+00
6.861755802220184705e+04 2.084444037077906042e-01 -3.115841183667967584e+00
6.962663975782245689e+04 2.093006364609459879e-01 -2.684026119910738917e+00
7.063572149344308127e+04 4.487458409290409622e-01 -2.658303565343053787e+00
7.164480322906369111e+04 -1.507455065468645827e-01 -2.878462434999122799e+00
7.265388496468431549e+04 -4.644618033303755666e-01 -1.945355786432513945e+00
7.366296670030492533e+04 2.502992571993309934e-01 -2.444862063082560155e+00
7.467204843592553516e+04 1.233722334241330043e-02 -2.291157630777738596e+00
7.568113017154615954e+04 -1.579361238969043679e-01 -2.482357022739995145e+00
7.669021190716676938e+04 -4.131941113922463771e-01 -2.479982058059651884e+00
7.769929364278737921e+04 1.099280348761052933e-01 -2.722819349409889789e+00
7.870837537840800360e+04 -9.481471007116260008e-02 -2.257988703901510075e+00
7.971745711402861343e+04 4.208074848047683725e-01 -2.415013563586052570e+00
8.072653884964923782e+04 -4.360224503062687385e-02 -2.419983387156891208e+00
8.173562058526984765e+04 1.771999941062857298e-01 -2.082106395124546427e+00
8.274470232089045749e+04 1.982279857818057822e-01 -1.783740311267502321e+00
8.375378405651108187e+04 -5.127138891138360854e-04 -2.217211864224692963e+00
8.476286579213169171e+04 -3.809916740429730164e-01 -1.715768312530415951e+00
8.577194752775231609e+04 5.378126797563309580e-01 -2.333694820017047977e+00
8.678102926337292593e+04 -1.356290788314307161e-02 -1.660715439323183107e+00
8.779011099899353576e+04 3.900914750076488469e-01 -1.876321533746359016e+00
8.879919273461416014e+04 2.446858251794742367e-01 -2.038488286149473083e+00
8.980827447023476998e+04 2.789800576620093953e-02 -1.886064299667254751e+00
9.081735620585537981e+04 1.464632233115520377e-01 -1.938223602297507231e+00
9.182643794147600420e+04 -4.706205088879770182e-01 -1.697375563705329604e+00
9.283551967709661403e+04 -1.282538292446213368e-01 -1.763273125067554847e+00
9.384460141271723842e+04 -9.293414391064347413e-02 -2.232467893541619119e+00
9.485368314833784825e+04 7.618807610663999585e-02 -9.536141392953403351e-01
9.586276488395845809e+04 2.417768142451621749e-01 -2.069082219137696299e+00
9.687184661957908247e+04 -2.451508821275700800e-01 -2.059886199795172068e+00
9.788092835519969231e+04 -2.809243798298395253e-02 -1.503868986310952893e+00
9.889001009082031669e+04 -2.548789927669861122e-01 -1.804543881955529283e+00
9.989909182644092652e+04 -1.279330039601702662e-01 -1.807198097339986376e+00
1.009081735620615364e+05 -7.169762412999003409e-02 -2.025182203510502710e+00
1.019172552976821607e+05 6.883675151015011817e-02 -1.463465586708445842e+00
1.029263370333027706e+05 -4.623263021132199002e-01 -1.603174118027890227e+00
1.039354187689233804e+05 2.054945664162880492e-01 -1.771287052722819944e+00
1.049445005045440048e+05 -1.225471035761253047e-01 -1.745841915895619989e+00
1.059535822401646146e+05 1.113738018572916211e-01 -1.795915447350507232e+00
1.069626639757852390e+05 -6.441576391493486486e-02 -1.600086276817145103e+00
1.079717457114058489e+05 2.569176701694441678e-01 -1.684830891007305098e+00
1.089808274470264587e+05 -1.978854540140019269e-01 -1.720829269232148961e+00
1.099899091826470831e+05 -3.889426531407311205e-01 -1.931304807954696612e+00
1.109989909182676929e+05 -2.874404052619300431e-01 -1.882729933010335532e+00
1.120080726538883027e+05 5.506850969279259989e-01 -1.600721451040622023e+00
1.130171543895089271e+05 5.168117082950038910e-01 -1.613525399222303536e+00
1.140262361251295370e+05 3.161251659772233991e-01 -1.923992554399256649e+00
1.150353178607501613e+05 2.266733941103660221e-03 -1.497058480921284573e+00
1.160443995963707712e+05 -4.485831078638417568e-01 -1.276859849327778296e+00
1.170534813319913810e+05 -1.756431914122626725e-01 -1.423146475816541523e+00
1.180625630676120054e+05 2.371772973781167138e-01 -1.377681278786582197e+00
1.190716448032326152e+05 -4.175458273301219103e-01 -1.076433763764188312e+00
1.200807265388532396e+05 1.241071000727875795e-01 -2.225903600377741487e+00
1.210898082744738495e+05 -4.414569315396269511e-01 -1.279313985912509333e+00
1.220988900100944593e+05 -4.610088094294594319e-01 -1.448404051053087116e+00
1.231079717457150837e+05 -2.234073687668892694e-01 -1.180133686769347046e+00
1.241170534813356935e+05 1.626753294237119896e-01 -1.205904661932984734e+00
1.251261352169563033e+05 1.821570787959383986e-02 -1.469532846418450722e+00
1.261352169525769277e+05 2.157085900540606227e-01 -1.875955822277179053e+00
1.271442986881975376e+05 1.309324735791596583e-01 -1.436447485293160131e+00
1.281533804238181619e+05 -5.892685942567981172e-01 -1.456148428403202022e+00
1.291624621594387718e+05 -1.935517271353677515e-01 -1.526189113262206964e+00
1.301715438950593816e+05 4.526026190702962526e-01 -1.132602598698807750e+00
1.311806256306800060e+05 -2.859454750228412334e-01 -1.498932530535224350e+00
1.321897073663006304e+05 -1.947758673023585185e-01 -1.191770977162555756e+00
1.331987891019212257e+05 -8.023514306216271708e-01 -1.538312350879615042e+00
1.342078708375418501e+05 -4.253263021218694484e-01 -1.040100105212668158e+00
1.352169525731624744e+05 1.441252800878244367e-01 -1.067722054339329096e+00
1.362260343087830697e+05 -3.552715837773875451e-01 -1.076771555243640321e+00
1.372351160444036941e+05 4.337193871496186071e-01 -7.471610341729235660e-01
1.382441977800243185e+05 -1.180238894633214575e-01 -1.154210569205917469e+00
1.392532795156449138e+05 2.940295012397019514e-01 -1.342857801911680582e+00
1.402623612512655382e+05 -1.716603388603455196e-02 -1.027571031054884232e+00
1.412714429868861625e+05 2.849123471040292399e-01 -1.200426248240597626e+00
1.422805247225067578e+05 3.825161442003631729e-01 -9.704621642794867276e-01
1.432896064581273822e+05 -2.244168133088249029e-01 -1.155243899124889229e+00
1.442986881937480066e+05 -1.201532846130305421e-01 -9.845996685152311745e-01
1.453077699293686310e+05 -4.453088100264615545e-02 -8.246014600171336362e-01
1.463168516649892263e+05 1.365901918276195559e-01 -8.402307869448528699e-01
1.473259334006098507e+05 4.729036203152192641e-01 -1.374212177895424380e+00
1.483350151362304750e+05 1.745349850169241046e-01 -1.672170411927862865e+00
1.493440968718510703e+05 -2.727951057426635795e-01 -9.208451834373250211e-01
1.503531786074716947e+05 2.525700384530659148e-01 -1.149041614309016079e+00
1.513622603430923191e+05 2.571427005374080643e-01 -1.005703820849340957e+00
1.523713420787129144e+05 -2.251514039519237897e-01 -1.331815313767530151e+00
1.533804238143335388e+05 2.926612495895887789e-01 -2.493598887195581648e-01
1.543895055499541631e+05 4.111210170025605404e-01 -1.504672492005537210e+00
1.553985872855747584e+05 3.617286861012608545e-02 -8.670674520914216643e-01
1.564076690211953828e+05 4.850168876491367520e-02 -1.454004947430301620e+00
1.574167507568160072e+05 -1.467341177292120769e-01 -1.386013275769012898e+00
1.584258324924366316e+05 3.464015190030085289e-01 -1.245355806317729463e+00
1.594349142280572269e+05 1.854484591640620517e-01 -1.202383641585124119e+00
1.604439959636778513e+05 -2.908680348981136365e-01 -9.423163718665473754e-01
1.614530776992984756e+05 -5.087708944682559631e-01 -1.452568288325734036e+00
1.624621594349190709e+05 3.752778349435648142e-01 -8.261716635930977937e-01
1.634712411705396953e+05 -6.594592854877460997e-02 -5.301461167543883857e-01
1.644803229061603197e+05 2.673330463794831857e-01 -6.859119490916387729e-01
1.654894046417809150e+05 4.936900770237914737e-01 -6.210350908851882679e-01
1.664984863774015394e+05 4.159473371276761755e-02 -1.341456356888462986e+00
1.675075681130221637e+05 1.576476257284306626e-01 -8.347371421768462474e-01
1.685166498486427590e+05 -1.653988649593463034e-02 -8.526894708565915248e-01
1.695257315842633834e+05 -1.239910649138874638e-01 -6.843114527285435456e-01
1.705348133198840078e+05 2.543038369675909571e-02 -8.323159104985726753e-01
1.715438950555046322e+05 2.197235034757442362e-01 -6.085858588032502237e-01
1.725529767911252275e+05 -3.507666856361336682e-01 -9.826341541078449371e-01
1.735620585267458519e+05 -2.215770886045193011e-01 -1.575718343474926009e+00
1.745711402623664762e+05 -2.764937179308772919e-01 -6.990482057672500193e-01
1.755802219979870715e+05 1.333489731042660498e-01 -8.928062031935564136e-01
1.765893037336076959e+05 -7.368399968450178861e-01 -1.154452049776728551e+00
1.775983854692283203e+05 2.421075053731144844e-01 -9.553012195153165464e-01
1.786074672048489156e+05 -5.761255585242331945e-01 -1.113289555377185547e+00
1.796165489404695400e+05 -2.453972638207975177e-01 -5.279339857072163911e-01
1.806256306760901643e+05 3.027607377070024031e-02 -8.597240782637570744e-01
1.816347124117107596e+05 1.204725786394063580e-01 -9.685548358697780857e-01
1.826437941473313840e+05 6.821985513477812901e-02 -4.613399446745996002e-01
1.836528758829520084e+05 7.413157713460438725e-02 -9.748617171119757785e-01
1.846619576185726328e+05 -1.520127926403628260e-01 -1.265211648824994484e+00
1.856710393541932281e+05 4.180796062311769590e-01 -1.366492031691146192e+00
1.866801210898138524e+05 2.282875604010196069e-01 -4.816852304434802168e-01
1.876892028254344768e+05 -4.834413801781963782e-01 -1.175795208495339139e+00
1.886982845610550721e+05 2.420800211006595148e-01 -4.919323299738173061e-01
1.897073662966756965e+05 4.501936616685234815e-01 -8.406207922857358295e-01
1.907164480322963209e+05 4.194685820140045540e-01 -8.993949521258949309e-01
1.917255297679169162e+05 -1.128610930574603100e-01 -3.290509402605395484e-01
1.927346115035375406e+05 1.117187777854643238e-01 -6.350719367075265964e-01
1.937436932391581649e+05 2.059185703129813583e-01 -5.859459510572040397e-01
1.947527749747787602e+05 -2.625568528395353374e-01 -4.567145176354846514e-01
1.957618567103993846e+05 -1.733243910003666455e-01 -9.280352364850560365e-01
1.967709384460200090e+05 -2.605174571430078911e-01 -4.147388530302357768e-01
1.977800201816406334e+05 4.378916226619078422e-01 -8.815057042559387712e-01
1.987891019172612287e+05 -1.098130179803518680e-01 -8.531953462553066858e-01
1.997981836528818530e+05 -4.962453045733736245e-02 -9.771221030436031407e-01
2.008072653885024774e+05 1.268418285816615143e-01 -5.582999805376110958e-01
2.018163471241230727e+05 9.216404481410125915e-02 -7.097977108276827263e-01
2.028254288597436971e+05 -5.926346851327449761e-01 -4.535434132247595507e-01
2.038345105953643215e+05 8.240450143124674609e-01 -9.091643273451799345e-01
2.048435923309849168e+05 -2.042981271311057889e-01 -9.992563236392202342e-01
2.058526740666055412e+05 -3.683708947114558430e-01 -6.560004732968103269e-01
2.068617558022261655e+05 -3.717794491085725239e-01 -7.371302697848346464e-01
2.078708375378467608e+05 9.902421595035765245e-02 -8.307662631969583433e-01
2.088799192734673852e+05 7.800194629908407951e-02 -1.091678064482510591e+00
2.098890010090880096e+05 -1.109199431818808090e-02 -7.412208477095777459e-01
2.108980827447086340e+05 -1.733607323322270133e-01 -6.324719941064597117e-01
2.119071644803292293e+05 -1.225203865766054945e-01 -6.235571713765963864e-01
2.129162462159498536e+05 2.194310898820233391e-01 -8.738378881003895371e-01
2.139253279515704780e+05 -6.823210256496642367e-02 -7.215874096675315430e-01
2.149344096871910733e+05 -1.416264305494579490e-01 -8.118588882666417650e-01
2.159434914228116977e+05 -2.974504132768086562e-01 -6.649658748142288633e-01
2.169525731584323221e+05 -1.670635976524251221e-02 -4.145454452907639809e-01
2.179616548940529174e+05 -1.819139564688739275e-01 2.858875057782817725e-02
2.189707366296735418e+05 -2.155240919310684178e-01 -8.008618887916238993e-01
2.199798183652941661e+05 4.407974999392886839e-01 -9.133988267389288040e-01
2.209889001009147614e+05 2.073453525567760247e-01 -6.699889641388613315e-01
2.219979818365353858e+05 -2.530620502426754737e-01 -5.514178913778479130e-01
2.230070635721560102e+05 -2.761360222207672743e-01 -3.485790031912053832e-01
2.240161453077766055e+05 4.654281154957760069e-01 -5.741279050543178775e-01
2.250252270433972299e+05 5.491904811118164531e-03 -5.758759974804685822e-01
2.260343087790178542e+05 2.155549799911709585e-01 -2.881098371765400401e-01
2.270433905146384786e+05 -9.839422430612970727e-02 -3.405519302784518199e-01
2.280524722502590739e+05 5.805670511837486281e-01 -9.863328949769361031e-01
2.290615539858796983e+05 5.161086306549836911e-01 -3.416025164860079788e-01
2.300706357215003227e+05 2.619020068455117922e-01 -7.300315194024123988e-01
2.310797174571209180e+05 -9.751823484893498706e-02 -1.007629928257081975e+00
2.320887991927415424e+05 -3.609696233435277790e-01 -6.229327388757737172e-01
2.330978809283621667e+05 1.719246761792878608e-01 -9.974517215898941469e-01
2.341069626639827620e+05 -3.063869399825536188e-02 -6.840166733472601290e-01
2.351160443996033864e+05 4.433133390611831981e-02 -8.142850399118231053e-01
2.361251261352240108e+05 -1.852132378195021634e-01 -3.937677033577766106e-01
2.371342078708446061e+05 -2.366825785026674955e-01 -7.904357986046887108e-01
2.381432896064652305e+05 2.438449013937860066e-03 -7.387030188601423353e-01
2.391523713420858548e+05 4.343619030795731195e-02 -6.461265475491313470e-01
2.401614530777064792e+05 -6.194901482276332638e-02 -5.957719773403945540e-01
2.411705348133270745e+05 6.636678861843159360e-03 -8.222272132990648963e-01
2.421796165489476989e+05 7.703954652986713669e-02 -6.784697742688700073e-01
2.431886982845683233e+05 -2.742790097011896799e-01 -3.590497879161821393e-01
2.441977800201889186e+05 9.435965144465635612e-02 -1.050529513365004775e+00
2.452068617558095430e+05 -2.476412726559790722e-01 -3.559951131841779248e-01
2.462159434914301673e+05 -5.975990069342133060e-01 -8.450507818932431192e-01
2.472250252270507626e+05 -4.010161559031702461e-01 -4.851303632752419492e-01
2.482341069626713870e+05 -5.720523911220126712e-02 -6.805963418436721257e-01
2.492431886982920114e+05 -3.341509637040376290e-01 -5.431187759250271085e-01
2.502522704339126067e+05 -2.265890862260928340e-01 -7.547176508201229872e-01
2.512613521695332311e+05 2.315238689776175085e-02 -8.771358404698407218e-01
2.522704339051538554e+05 2.408196344944822376e-01 -3.471291694748991352e-01
2.532795156407744798e+05 -8.312754149333717590e-04 -4.217465640772226076e-01
2.542885973763950751e+05 2.405371448476447405e-01 -4.475402399806223119e-01
2.552976791120156995e+05 -2.960030350804419841e-02 -4.343646282204683406e-01
2.563067608476363239e+05 -5.600294533971733602e-02 -6.078705541000481993e-01
2.573158425832569192e+05 1.512262284219117320e-02 -1.782866870276330340e-01
2.583249243188775436e+05 8.002140263991169844e-02 -1.507555646984562181e-01
2.593340060544981679e+05 1.895983056736805783e-01 -1.209943537155433901e+00
2.603430877901187632e+05 3.277966476130280138e-01 -6.202709723811256071e-02
2.613521695257393876e+05 -4.681312518784154497e-02 -2.837101780558100028e-01
2.623612512613600120e+05 5.028007248271125773e-01 -1.180582537654459307e-01
2.633703329969806364e+05 -2.650959435266786457e-01 2.432521309208103555e-02
2.643794147326012608e+05 -2.752159602215933920e-01 -6.206831641209904493e-01
2.653884964682218269e+05 1.355958002983528310e-01 -3.587068575717070051e-01
2.663975782038424513e+05 8.567794039834690512e-02 -2.454200207724877569e-01
2.674066599394630757e+05 3.551412072441679779e-01 -3.325410602748345434e-01
2.684157416750837001e+05 3.024573101346572646e-01 -1.061939982298223117e-01
2.694248234107043245e+05 2.451844788939488706e-01 -3.071884490223607544e-01
2.704339051463249489e+05 -1.803082873914700346e-01 -4.004169332424571404e-01
2.714429868819455151e+05 6.726670379805814448e-02 -4.336851255958172890e-01
2.724520686175661394e+05 1.175875362168327665e-01 -2.608019502322161398e-01
2.734611503531867638e+05 3.738726024135380910e-01 -8.477700817568043501e-01
2.744702320888073882e+05 -4.339837857694194834e-01 -4.999092740541766777e-01
2.754793138244280126e+05 1.342503430737101433e-01 -9.505236197561961475e-01
2.764883955600486370e+05 1.408256801326460694e-01 -7.671670668955224981e-01
2.774974772956692614e+05 5.317413769240272869e-02 -5.923177059173141412e-01
2.785065590312898275e+05 1.273301682754799380e-01 -8.443996418735770504e-02
2.795156407669104519e+05 -1.040756846173666872e-01 -7.868671717915656227e-01
2.805247225025310763e+05 1.516772746624908685e-01 -9.310822982693613969e-01
2.815338042381517007e+05 -4.780937695443673308e-01 -7.100042171553891945e-01
2.825428859737723251e+05 -3.033671036476268124e-01 -3.613171845176597063e-01
2.835519677093929495e+05 5.967078015041031580e-03 1.055052845037264680e-01
2.845610494450135157e+05 2.820688883867205621e-01 -6.256096379589286549e-01
2.855701311806341400e+05 3.877247225614854353e-01 -7.500448948436759800e-01
2.865792129162547644e+05 -3.494194731773078155e-01 -6.915281027862252294e-02
2.875882946518753888e+05 -1.069715195558617049e-01 -8.491110179038729999e-01
2.885973763874960132e+05 7.479293974656121835e-02 -2.717862093751696184e-01
2.896064581231166376e+05 2.006875314992515036e-02 -5.160497534123664742e-01
2.906155398587372620e+05 -1.599722730348469013e-01 -8.634358418092964449e-01
2.916246215943578281e+05 -7.716331330586925774e-02 -3.167269848494627671e-01
2.926337033299784525e+05 2.445395495339338365e-01 2.532176513118233885e-02
2.936427850655990769e+05 2.164995948906300871e-01 -3.642615078816113239e-01
2.946518668012197013e+05 9.515372437641481107e-02 -5.971590181583632528e-01
2.956609485368403257e+05 -1.194904817491750648e-01 -4.093848526585106007e-01
2.966700302724609501e+05 3.903865555799129750e-01 -6.960201198101534370e-02
2.976791120080815163e+05 2.109622525014996086e-01 -3.011338724888645846e-01
2.986881937437021406e+05 1.634098368108241883e-01 -3.911722033679948529e-01
2.996972754793227650e+05 7.513154159742403415e-01 -5.541598514492213079e-01
3.007063572149433894e+05 -2.379616407619506158e-01 -7.199619131147363404e-01
3.017154389505640138e+05 8.840272402093474202e-02 -6.526762516626822830e-01
3.027245206861846382e+05 1.144815402109463087e-01 -6.233427540156133428e-01
3.037336024218052626e+05 2.367451480784453499e-01 -2.588968910590138117e-01
3.047426841574258287e+05 -1.922548106698492854e-01 -3.805209973988264993e-01
3.057517658930464531e+05 -2.308268165918202219e-01 -1.835603350248525278e-01
3.067608476286670775e+05 3.783973752262924650e-01 -1.652811788077299116e-01
3.077699293642877019e+05 3.452779140942638936e-01 -3.007791381231590400e-01
3.087790110999083263e+05 8.186124559681012824e-02 -5.883147398433008490e-01
3.097880928355289507e+05 3.027152774502752663e-01 -5.440849155020094363e-01
3.107971745711495169e+05 -3.368985079529421278e-02 -4.174015584673161916e-01
3.118062563067701412e+05 1.449301119469520449e-02 -7.566568139049683062e-01
3.128153380423907656e+05 -7.600796455057504120e-02 -4.961944073249683895e-01
3.138244197780113900e+05 1.548360168307730614e-02 -6.202481004198751730e-02
3.148335015136320144e+05 1.653960363877943485e-01 -2.981413739554369391e-01
3.158425832492526388e+05 3.312826985573734118e-01 6.428281945142488851e-02
3.168516649848732632e+05 -4.682072650961852101e-01 -1.362894173889446781e-01
3.178607467204938293e+05 -8.549901620371075373e-02 1.131206017637748085e-03
3.188698284561144537e+05 -7.808455718741910689e-02 -2.360444156586035958e-01
3.198789101917350781e+05 -4.209620764764435141e-02 -6.768099558005781224e-01
3.208879919273557025e+05 2.123692755044299663e-01 -3.927272666309882254e-01
3.218970736629763269e+05 -1.625763741505965865e-02 -1.629307221927898675e-01
3.229061553985969513e+05 2.369416175466124153e-01 -3.933884288510919869e-01
3.239152371342175175e+05 -4.221085480473898977e-02 -4.034291889540370102e-01
3.249243188698381418e+05 -1.988922462784030176e-01 -2.845024370194081109e-02
3.259334006054587662e+05 4.343022337917568643e-01 -1.801073418480039767e-02
3.269424823410793906e+05 1.738575789516763059e-01 -5.038334543095083218e-01
3.279515640767000150e+05 1.212607396149844863e-01 -2.454868436713233959e-01
3.289606458123206394e+05 1.270493736118847583e-01 -5.585245830005047818e-01
3.299697275479412638e+05 1.244901130965256481e-01 -3.681485347343614323e-01
3.309788092835618299e+05 -2.192212088163658368e-01 -3.694581187038107339e-01
3.319878910191824543e+05 3.830317634360707046e-01 -6.158718368199544990e-01
3.329969727548030787e+05 -3.010415862941961396e-01 -6.583724692689708613e-01
3.340060544904237031e+05 -4.506983709316679798e-01 -2.195531168807695332e-01
3.350151362260443275e+05 1.775454221046171288e-01 -3.376675285447885422e-01
3.360242179616649519e+05 1.376156934991652481e-01 -4.861571349721954816e-01
3.370332996972855181e+05 4.152863013226106015e-02 8.227443735897241317e-02
3.380423814329061424e+05 9.450277930085551614e-02 -3.655730785286013251e-01
3.390514631685267668e+05 4.599623352761322836e-01 -4.483802969179797593e-01
3.400605449041473912e+05 2.943297187610364185e-01 -9.609192425808998905e-02
3.410696266397680156e+05 1.932687531254388136e-01 -2.850846158834761113e-01
3.420787083753886400e+05 -2.128146172066209263e-01 -2.588780550589361296e-01
3.430877901110092644e+05 -4.360121918354475379e-01 -3.770245020450335161e-01
3.440968718466298305e+05 -4.879389830000691042e-03 -6.502645808997044030e-01
3.451059535822504549e+05 2.320319769133808926e-02 -1.970549671935886704e-01
3.461150353178710793e+05 4.227888373753939666e-01 -2.893756713698563687e-01
3.471241170534917037e+05 1.023545440301584231e-01 -2.134380530272940169e-01
3.481331987891123281e+05 -3.680983458567485544e-02 -5.661807898075881251e-01
3.491422805247329525e+05 -4.245455080464540232e-01 6.069152678793016120e-02
3.501513622603535186e+05 -2.991436596432198169e-01 -2.348110993787631828e-01
3.511604439959741430e+05 2.119573369839255483e-01 -2.851110348539261929e-01
3.521695257315947674e+05 -8.013937711332870528e-02 -2.600753778540842651e-02
3.531786074672153918e+05 -2.304902843986458560e-01 1.680165975970673159e-02
3.541876892028360162e+05 -3.980050174613475322e-02 -5.862711182626494377e-01
3.551967709384566406e+05 1.389932985877979366e-01 -3.726948749283424123e-01
3.562058526740772650e+05 -2.082512932941307793e-01 -9.493276645344743692e-01
3.572149344096978311e+05 -5.808592907423242302e-01 -4.539383247714132152e-01
3.582240161453184555e+05 1.262095418009123449e-01 -4.983402724049222909e-01
3.592330978809390799e+05 -7.845622849024069811e-03 -5.987720245538682429e-01
3.602421796165597043e+05 3.254119018278129882e-01 -4.095840184988123189e-01
3.612512613521803287e+05 3.023133465870992409e-01 -5.644060910999457170e-02
3.622603430878009531e+05 -1.547738694282054794e-01 -6.479629311884974596e-01
3.632694248234215192e+05 2.245066048204639314e-02 -1.215267266143491010e-01
3.642785065590421436e+05 2.379967574642203598e-01 -5.410948091268646953e-01
3.652875882946627680e+05 2.987013643684152675e-01 -6.604627559744088994e-02
3.662966700302833924e+05 8.142133166977266745e-02 -7.626490358206974296e-01
3.673057517659040168e+05 1.407354087206490467e-01 1.797560727513618228e-01
3.683148335015246412e+05 -2.323187964968620456e-01 -3.499066321406371083e-01
3.693239152371452656e+05 3.711051365058375406e-01 -4.422956087973009542e-02
3.703329969727658317e+05 1.157445161285250157e-01 -3.959420203724864362e-01
3.713420787083864561e+05 -3.505722218275665325e-01 -1.903262506278493027e-01
3.723511604440070805e+05 6.846937366677714742e-02 -1.807424843495329392e-01
3.733602421796277049e+05 5.354064101133610976e-01 -1.724755803627663342e-01
3.743693239152483293e+05 -6.580674002097758324e-01 -6.380307043086920205e-01
3.753784056508689537e+05 -2.562557947762356680e-01 -1.466208237918791846e-01
3.763874873864895198e+05 8.257684723120800596e-02 -4.416816014284232622e-02
3.773965691221101442e+05 2.163067647259812598e-01 -1.433315227861612917e-01
3.784056508577307686e+05 -1.387587976452486771e-01 -2.679602604270276967e-01
3.794147325933513930e+05 3.821129764584846322e-01 1.800748144667466133e-02
3.804238143289720174e+05 -2.215728181247831330e-01 2.970432249985664741e-02
3.814328960645926418e+05 -2.708112489556402380e-01 -2.838876573296763572e-01
3.824419778002132662e+05 2.111795488348506000e-01 -2.857671450919125472e-02
3.834510595358338323e+05 -1.835095303069378680e-01 -2.938695104004115932e-01
3.844601412714544567e+05 4.979367304755095702e-01 1.149858618581375280e-01
3.854692230070750811e+05 1.349691829242429530e-01 -2.862715005257545631e-01
3.864783047426957055e+05 2.231713123149261374e-03 -4.370452903069256267e-01
3.874873864783163299e+05 -1.660555572313556771e-01 -2.283096960050744750e-01
3.884964682139369543e+05 -1.610991672391308138e-01 -1.320294007611824971e-01
3.895055499495575204e+05 3.860714523367755890e-02 9.913788650771718225e-02
3.905146316851781448e+05 4.154079770153475404e-01 -6.435311679788674466e-01
3.915237134207987692e+05 -1.319753481475401391e-01 -4.254644904596088795e-01
3.925327951564193936e+05 3.196864559729404309e-01 -2.210246143434831390e-01
3.935418768920400180e+05 -1.151274415804818402e-01 -4.803594853065230597e-01
3.945509586276606424e+05 7.752139522438553088e-02 -2.380210144642423142e-01
3.955600403632812668e+05 -3.101729582078349701e-01 -2.681457439835490120e-01
3.965691220989018329e+05 6.930691679038744613e-03 -3.046596424768044931e-01
3.975782038345224573e+05 -1.012879511137386446e-01 9.327888175951717931e-02
3.985872855701430817e+05 -1.650780274233560885e-01 1.199542472830392031e-01
3.995963673057637061e+05 3.442791144457330033e-02 -4.944702816811182844e-01
4.006054490413843305e+05 2.857857290250799820e-01 -1.578838960023419835e-01
4.016145307770049549e+05 -4.156112129647996367e-01 -7.438880934530542888e-01
4.026236125126255210e+05 3.254865725374511687e-02 -1.008614807302965211e-01
4.036326942482461454e+05 -1.622234566797838562e-01 -1.216170121027252693e-01
4.046417759838667698e+05 2.946216794215590351e-01 -6.679845774822267268e-01
4.056508577194873942e+05 -4.798835595569401757e-01 -1.030196682611245196e-02
4.066599394551080186e+05 -3.629423771440210555e-01 -3.898562035203915199e-01
4.076690211907286430e+05 1.876449017257491581e-01 -2.564944969729199276e-02
4.086781029263492674e+05 -2.997348930059268168e-02 -2.451100972592933636e-01
4.096871846619698335e+05 3.542097556165157285e-02 -1.842912081910479394e-01
4.106962663975904579e+05 2.366880888764167912e-01 -3.627852376486438990e-01
4.117053481332110823e+05 9.358456741815385227e-02 3.854496113026599780e-01
4.127144298688317067e+05 -1.946945424300331740e-01 1.299088690806210200e-01
4.137235116044523311e+05 1.346747043568214952e-01 -3.444401451024718952e-01
4.147325933400729555e+05 -2.467666959128703152e-01 -1.876462030286067673e-01
4.157416750756935216e+05 1.880300631507795805e-01 6.462729388735441449e-02
4.167507568113141460e+05 -1.510534823692849526e-01 -4.382921355921207685e-01
4.177598385469347704e+05 -4.045858090483780423e-01 -3.025796406563405760e-01
4.187689202825553948e+05 1.992800901946327474e-01 -1.256632371001661919e-01
4.197780020181760192e+05 -1.712427597416021630e-01 -2.010510824284497677e-01
4.207870837537966436e+05 1.709031362168510204e-01 -2.390958106448819176e-01
4.217961654894172680e+05 -1.698939598337179946e-01 2.132085036664120858e-01
4.228052472250378341e+05 3.198477013087465681e-01 -1.621317192209984770e-01
4.238143289606584585e+05 -2.114944055874731221e-01 -2.659148497955277773e-02
4.248234106962790829e+05 1.314624938769591855e-01 -2.710120749353832625e-01
4.258324924318997073e+05 -3.467346112284467458e-02 3.713252520055888156e-02
4.268415741675203317e+05 6.077648041159550152e-01 -2.030492812482367349e-01
4.278506559031409561e+05 -1.817685967142232961e-01 2.507053410250595360e-01
4.288597376387615222e+05 6.614419691170861371e-02 2.724760048759226616e-01
4.298688193743821466e+05 -1.441334168355376255e-01 -1.440737782771291942e-01
4.308779011100027710e+05 -2.632574640958732504e-01 4.011344631949939066e-01
4.318869828456233954e+05 -1.472140049059802724e-01 -2.328488384344998829e-01
4.328960645812440198e+05 -1.194790053372732086e-01 5.933499925529168301e-02
4.339051463168646442e+05 1.421742012519551859e-02 2.279358503520112142e-02
4.349142280524852104e+05 4.803140961848073598e-02 -3.907842721267265618e-02
4.359233097881058347e+05 -9.284348152354290895e-02 -2.140882586932223441e-01
4.369323915237264591e+05 6.543136599154532052e-01 -4.859044198381734514e-03
4.379414732593470835e+05 -8.578563249279452102e-03 -3.582067268986275504e-02
4.389505549949677079e+05 -2.569439453734256862e-01 -8.430607271158360727e-02
4.399596367305883323e+05 -2.073507343034676487e-01 1.032406087751189250e-01
4.409687184662089567e+05 2.787140023375945797e-01 -1.878411066820091235e-01
4.419778002018295228e+05 3.878365593045517978e-01 2.945246146573475832e-01
4.429868819374501472e+05 -1.813344157146448699e-01 -3.606008524025867690e-01
4.439959636730707716e+05 -1.294245643367431808e-01 1.411547595183302028e-01
4.450050454086913960e+05 1.736660313297799449e-02 -4.515052874159881935e-02
4.460141271443120204e+05 -1.680636707160568233e-02 -3.843866907327243565e-01
4.470232088799326448e+05 1.630122255118837682e-01 -1.097373082364871549e-01
4.480322906155532110e+05 -1.060402706586201366e-01 4.114372555940121190e-01
4.490413723511738353e+05 3.029627280808576129e-01 -2.517256682153528602e-01
4.500504540867944597e+05 1.688341307468440855e-01 1.794968253497751243e-01
4.510595358224150841e+05 3.205020014066296552e-01 -3.051481670454574413e-01
4.520686175580357085e+05 -1.075093061941045092e-01 4.868158148823345521e-01
4.530776992936563329e+05 -1.151457500233671466e-01 -2.319716701737235265e-01
4.540867810292769573e+05 -2.920097870253984262e-01 1.135470872631272471e-01
4.550958627648975234e+05 2.999886304294912404e-02 -9.391993586204921973e-02
4.561049445005181478e+05 -2.825744561074555739e-01 2.535904703413233152e-01
4.571140262361387722e+05 2.588108004523103634e-01 2.118629153715227975e-01
4.581231079717593966e+05 6.017190585243434864e-01 -1.292428356521604371e-01
4.591321897073800210e+05 -2.356333798873012642e-01 -9.585926221246973689e-03
4.601412714430006454e+05 -2.847824601329867478e-01 3.758438180151646435e-03
4.611503531786212116e+05 2.545926844338474715e-01 -1.934088295304131622e-02
4.621594349142418359e+05 7.833677321904358726e-02 -3.223692919003736668e-01
4.631685166498624603e+05 9.107449376044370049e-02 -1.278291016792817425e-01
4.641775983854830847e+05 2.591769412485146057e-02 -2.024983749494692342e-01
4.651866801211037091e+05 7.548716473908514968e-02 -3.402641304815148815e-01
4.661957618567243335e+05 1.830497777094943213e-01 -3.386973016663428204e-01
4.672048435923449579e+05 -3.013400171252693660e-01 1.477543878333417160e-01
4.682139253279655240e+05 2.171050237289030571e-01 -9.377136325826748720e-02
4.692230070635861484e+05 -6.115394722348232309e-02 1.016170793845585785e-01
4.702320887992067728e+05 4.513335943716767495e-02 1.644860179362857278e-01
4.712411705348273972e+05 -9.266461546108820113e-02 -2.015790604668365738e-01
4.722502522704480216e+05 2.649860129481682036e-01 -4.454876698478517361e-02
4.732593340060686460e+05 1.074472797500447552e-01 2.499941458351374879e-02
4.742684157416892122e+05 -6.392876374066655543e-02 -6.953030536218368640e-02
4.752774974773098365e+05 3.188787435023667655e-02 1.443865774174166172e-01
4.762865792129304609e+05 1.381274510624606044e-01 1.494529816922567089e-01
4.772956609485510853e+05 -1.304162350884965071e-01 -2.869650071805031066e-01
4.783047426841717097e+05 4.358662491040199427e-02 2.849931700653903222e-01
4.793138244197923341e+05 -2.875959846736733105e-01 1.218035499812273603e-01
4.803229061554129585e+05 2.728256334487581536e-01 1.972374362825813632e-01
4.813319878910335246e+05 -3.470442982673266896e-01 9.432921629447706124e-02
4.823410696266541490e+05 -1.850954672765399087e-02 -2.778730127141044743e-03
4.833501513622747734e+05 -2.099122976507458438e-01 4.000077610998137301e-01
4.843592330978953978e+05 -3.963681226652888134e-01 1.685378874581727748e-02
4.853683148335160222e+05 -9.742208846988331672e-02 2.209847224065958904e-01
4.863773965691366466e+05 2.807982292288823539e-02 2.107663696131371889e-01
4.873864783047572128e+05 3.155615753691301539e-02 -4.652935859848423839e-01
4.883955600403778371e+05 7.239295841397017095e-02 2.686057043121515830e-01
4.894046417759984615e+05 -1.530017061099123998e-01 -1.119136594463418510e-01
4.904137235116190859e+05 -5.731577458234737854e-02 6.492195910221831845e-02
4.914228052472397103e+05 1.930361843964548130e-01 -7.564067707800097018e-02
4.924318869828603347e+05 -5.664619605854773199e-02 -3.700907925559523415e-01
4.934409687184809591e+05 -2.369376576108945809e-01 -4.082095071551461452e-02
4.944500504541015252e+05 -3.344641102387240772e-01 1.279077579762187278e-01
4.954591321897221496e+05 1.529287538671531277e-01 -1.716519206291490240e-01
4.964682139253427740e+05 5.733616832830734644e-02 7.621435728318412539e-02
4.974772956609633984e+05 1.941353627240146040e-01 4.069651811344823233e-01
4.984863773965840228e+05 -8.761190302141724784e-02 2.102440460963652114e-01
4.994954591322046472e+05 1.919691455244142142e-01 1.628497806084923949e-01
